                          PanelOLS Estimation Summary                           
================================================================================
Dep. Variable:              ln_salary   R-squared:                        0.8623
Estimator:                   PanelOLS   R-squared (Between):              0.8395
No. Observations:                2268   R-squared (Within):               0.7098
Date:                Fri, May 22 2026   R-squared (Overall):              0.8323
Time:                        16:31:14   Log-likelihood                   -1046.8
Cov. Estimator:             Clustered                                           
                                        F-statistic:                      322.87
Entities:                         693   P-value                           0.0000
Avg Obs:                       3.2727   Distribution:                 F(43,2217)
Min Obs:                       1.0000                                           
Max Obs:                       8.0000   F-statistic (robust):             374.22
                                        P-value                           0.0000
Time periods:                       8   Distribution:                 F(43,2217)
Avg Obs:                       283.50                                           
Min Obs:                       258.00                                           
Max Obs:                       311.00                                           
                                                                                
                                    Parameter Estimates                                    
===========================================================================================
                         Parameter  Std. Err.     T-stat    P-value    Lower CI    Upper CI
-------------------------------------------------------------------------------------------
const                       11.792     0.4807     24.531     0.0000      10.850      12.735
ppg                         0.0048     0.0100     0.4758     0.6343     -0.0149      0.0245
rpg                         0.0045     0.0092     0.4870     0.6263     -0.0135      0.0224
apg                         0.0229     0.0113     2.0244     0.0431      0.0007      0.0450
spg                         0.0090     0.0431     0.2077     0.8355     -0.0756      0.0935
bpg                         0.0361     0.0392     0.9212     0.3570     -0.0407      0.1129
mpg                         0.0146     0.0066     2.2234     0.0263      0.0017      0.0274
gp                         -0.0009     0.0009    -1.0549     0.2916     -0.0026      0.0008
per                        -0.0075     0.0069    -1.0840     0.2785     -0.0209      0.0060
ws                          0.0103     0.0149     0.6871     0.4921     -0.0190      0.0395
vorp                       -0.0036     0.0258    -0.1379     0.8903     -0.0541      0.0470
usg_pct                     0.0025     0.0056     0.4523     0.6511     -0.0085      0.0135
age                         0.2354     0.0327     7.1963     0.0000      0.1712      0.2995
age_sq                     -0.0040     0.0006    -6.9228     0.0000     -0.0052     -0.0029
experience                  0.0591     0.0096     6.1396     0.0000      0.0402      0.0780
allstar                     0.0545     0.0349     1.5612     0.1186     -0.0140      0.1230
undrafted                  -0.0130     0.0517    -0.2516     0.8014     -0.1144      0.0884
log_draft_pick             -0.1209     0.0149    -8.1119     0.0000     -0.1501     -0.0916
pos_PG                     -0.1314     0.0512    -2.5647     0.0104     -0.2318     -0.0309
pos_SG                     -0.0803     0.0480    -1.6731     0.0944     -0.1745      0.0138
pos_SF                     -0.0740     0.0439    -1.6833     0.0925     -0.1601      0.0122
pos_PF                     -0.0633     0.0360    -1.7593     0.0787     -0.1338      0.0073
born_canada                 0.0432     0.0623     0.6923     0.4888     -0.0791      0.1654
born_europe                 0.0398     0.0325     1.2253     0.2206     -0.0239      0.1036
born_latam                  0.0419     0.0740     0.5660     0.5714     -0.1032      0.1870
born_africa                -0.0595     0.0556    -1.0694     0.2850     -0.1685      0.0496
born_asia_oceania           0.1107     0.0741     1.4953     0.1350     -0.0345      0.2560
all_nba_lag1                0.0951     0.0378     2.5172     0.0119      0.0210      0.1693
career_all_nba_count       -0.0363     0.0098    -3.7174     0.0002     -0.0554     -0.0171
career_allstar_count        0.0334     0.0158     2.1160     0.0345      0.0024      0.0644
games_missed_lag1          -0.0045     0.0006    -6.9763     0.0000     -0.0057     -0.0032
team_win_pct_lag1          -0.0030     0.1087    -0.0279     0.9777     -0.2162      0.2101
team_made_playoffs_lag1    -0.0335     0.0285    -1.1742     0.2404     -0.0895      0.0224
team_over_luxury_tax_t     -0.0257     0.0280    -0.9146     0.3605     -0.0806      0.0293
no_income_tax               0.0060     0.0292     0.2058     0.8370     -0.0512      0.0632
top5_market                -0.0065     0.0269    -0.2405     0.8100     -0.0592      0.0463
tier_minimum               -0.9055     0.0308    -29.437     0.0000     -0.9658     -0.8451
tier_rookie_scale          -0.0878     0.0449    -1.9559     0.0506     -0.1759      0.0002
tier_high_mid               0.8496     0.0367     23.141     0.0000      0.7776      0.9217
tier_max_25                 1.1359     0.0396     28.650     0.0000      1.0581      1.2136
tier_max_30                 1.1598     0.0502     23.101     0.0000      1.0613      1.2582
tier_max_35                 1.2643     0.0613     20.612     0.0000      1.1440      1.3846
tier_supermax               1.2062     0.0840     14.361     0.0000      1.0415      1.3709
tier_overpay                1.3316     0.0631     21.099     0.0000      1.2078      1.4554
===========================================================================================

F-test for Poolability: 56.212
P-value: 0.0000
Distribution: F(7,2217)

Included effects: Time