                          PanelOLS Estimation Summary                           
================================================================================
Dep. Variable:              ln_salary   R-squared:                        0.8625
Estimator:                   PanelOLS   R-squared (Between):              0.8395
No. Observations:                2268   R-squared (Within):               0.7100
Date:                Fri, May 22 2026   R-squared (Overall):              0.8325
Time:                        16:31:14   Log-likelihood                   -1045.5
Cov. Estimator:             Clustered                                           
                                        F-statistic:                      308.64
Entities:                         693   P-value                           0.0000
Avg Obs:                       3.2727   Distribution:                 F(45,2215)
Min Obs:                       1.0000                                           
Max Obs:                       8.0000   F-statistic (robust):             365.36
                                        P-value                           0.0000
Time periods:                       8   Distribution:                 F(45,2215)
Avg Obs:                       283.50                                           
Min Obs:                       258.00                                           
Max Obs:                       311.00                                           
                                                                                
                                      Parameter Estimates                                      
===============================================================================================
                             Parameter  Std. Err.     T-stat    P-value    Lower CI    Upper CI
-----------------------------------------------------------------------------------------------
const                           11.797     0.4805     24.551     0.0000      10.855      12.740
ppg                             0.0038     0.0101     0.3789     0.7048     -0.0159      0.0236
rpg                             0.0039     0.0092     0.4269     0.6695     -0.0141      0.0219
apg                             0.0219     0.0113     1.9347     0.0531     -0.0003      0.0441
spg                             0.0054     0.0430     0.1267     0.8992     -0.0789      0.0898
bpg                             0.0322     0.0394     0.8186     0.4131     -0.0450      0.1095
mpg                             0.0154     0.0066     2.3305     0.0199      0.0024      0.0283
gp                             -0.0009     0.0009    -1.0038     0.3156     -0.0025      0.0008
per                            -0.0070     0.0069    -1.0252     0.3054     -0.0205      0.0064
ws                              0.0086     0.0148     0.5785     0.5630     -0.0205      0.0376
vorp                            0.0002     0.0256     0.0073     0.9942     -0.0500      0.0504
usg_pct                         0.0027     0.0056     0.4823     0.6296     -0.0083      0.0137
age                             0.2343     0.0327     7.1628     0.0000      0.1701      0.2984
age_sq                         -0.0040     0.0006    -6.8951     0.0000     -0.0052     -0.0029
experience                      0.0593     0.0096     6.1743     0.0000      0.0405      0.0782
allstar                         0.0513     0.0342     1.5005     0.1336     -0.0157      0.1183
undrafted                      -0.0129     0.0517    -0.2504     0.8023     -0.1142      0.0884
log_draft_pick                 -0.1204     0.0149    -8.0692     0.0000     -0.1496     -0.0911
pos_PG                         -0.1322     0.0512    -2.5806     0.0099     -0.2326     -0.0317
pos_SG                         -0.0824     0.0481    -1.7143     0.0866     -0.1767      0.0119
pos_SF                         -0.0764     0.0441    -1.7344     0.0830     -0.1628      0.0100
pos_PF                         -0.0648     0.0361    -1.7944     0.0729     -0.1356      0.0060
born_canada                     0.0419     0.0624     0.6717     0.5019     -0.0805      0.1643
born_europe                     0.0396     0.0323     1.2258     0.2204     -0.0238      0.1030
born_latam                      0.0428     0.0740     0.5787     0.5628     -0.1022      0.1879
born_africa                    -0.0566     0.0559    -1.0141     0.3106     -0.1662      0.0529
born_asia_oceania               0.1121     0.0736     1.5237     0.1277     -0.0322      0.2564
all_nba_lag1                    0.0530     0.0480     1.1038     0.2698     -0.0412      0.1472
career_all_nba_count           -0.0367     0.0094    -3.8985     0.0001     -0.0551     -0.0182
career_allstar_count            0.0303     0.0163     1.8563     0.0635     -0.0017      0.0623
games_missed_lag1              -0.0045     0.0006    -6.9598     0.0000     -0.0057     -0.0032
team_win_pct_lag1              -0.0001     0.1087    -0.0012     0.9991     -0.2133      0.2131
team_made_playoffs_lag1        -0.0346     0.0285    -1.2149     0.2245     -0.0905      0.0213
team_over_luxury_tax_t         -0.0276     0.0282    -0.9819     0.3262     -0.0829      0.0276
no_income_tax                   0.0053     0.0291     0.1816     0.8559     -0.0519      0.0624
top5_market                    -0.0063     0.0270    -0.2332     0.8157     -0.0592      0.0466
tier_minimum                   -0.9055     0.0307    -29.463     0.0000     -0.9657     -0.8452
tier_rookie_scale              -0.0870     0.0450    -1.9353     0.0531     -0.1752      0.0012
tier_high_mid                   0.8471     0.0367     23.105     0.0000      0.7752      0.9189
tier_max_25                     1.1352     0.0396     28.664     0.0000      1.0575      1.2128
tier_max_30                     1.2163     0.0590     20.618     0.0000      1.1006      1.3320
tier_max_35                     1.2820     0.0640     20.042     0.0000      1.1565      1.4074
tier_supermax                   1.1611     0.0849     13.668     0.0000      0.9945      1.3277
tier_overpay                    1.3445     0.0647     20.786     0.0000      1.2176      1.4713
supermax_eligible_loose         0.1023     0.0629     1.6253     0.1042     -0.0211      0.2257
tier_max_30_x_supereligible    -0.1484     0.0632    -2.3487     0.0189     -0.2724     -0.0245
===============================================================================================

F-test for Poolability: 56.080
P-value: 0.0000
Distribution: F(7,2215)

Included effects: Time