                          PanelOLS Estimation Summary                           
================================================================================
Dep. Variable:              ln_salary   R-squared:                        0.8624
Estimator:                   PanelOLS   R-squared (Between):              0.8394
No. Observations:                2268   R-squared (Within):               0.7102
Date:                Fri, May 22 2026   R-squared (Overall):              0.8324
Time:                        16:33:58   Log-likelihood                   -1046.2
Cov. Estimator:             Clustered                                           
                                        F-statistic:                      315.56
Entities:                         693   P-value                           0.0000
Avg Obs:                       3.2727   Distribution:                 F(44,2216)
Min Obs:                       1.0000                                           
Max Obs:                       8.0000   F-statistic (robust):             374.31
                                        P-value                           0.0000
Time periods:                       8   Distribution:                 F(44,2216)
Avg Obs:                       283.50                                           
Min Obs:                       258.00                                           
Max Obs:                       311.00                                           
                                                                                
                                    Parameter Estimates                                    
===========================================================================================
                         Parameter  Std. Err.     T-stat    P-value    Lower CI    Upper CI
-------------------------------------------------------------------------------------------
const                       11.794     0.4807     24.533     0.0000      10.851      12.737
ppg                         0.0042     0.0101     0.4158     0.6776     -0.0156      0.0239
rpg                         0.0042     0.0092     0.4602     0.6454     -0.0138      0.0223
apg                         0.0225     0.0113     1.9884     0.0469      0.0003      0.0447
spg                         0.0067     0.0430     0.1556     0.8764     -0.0777      0.0911
bpg                         0.0347     0.0392     0.8850     0.3763     -0.0422      0.1115
mpg                         0.0150     0.0066     2.2809     0.0226      0.0021      0.0279
gp                         -0.0009     0.0009    -1.0233     0.3063     -0.0026      0.0008
per                        -0.0074     0.0069    -1.0702     0.2846     -0.0208      0.0061
ws                          0.0095     0.0148     0.6396     0.5225     -0.0196      0.0386
vorp                       -0.0018     0.0257    -0.0685     0.9454     -0.0522      0.0486
usg_pct                     0.0027     0.0056     0.4813     0.6303     -0.0083      0.0137
age                         0.2349     0.0327     7.1786     0.0000      0.1707      0.2991
age_sq                     -0.0040     0.0006    -6.9142     0.0000     -0.0052     -0.0029
experience                  0.0594     0.0096     6.1793     0.0000      0.0406      0.0783
allstar                     0.0548     0.0350     1.5642     0.1179     -0.0139      0.1236
undrafted                  -0.0120     0.0517    -0.2316     0.8169     -0.1134      0.0895
log_draft_pick             -0.1209     0.0149    -8.1023     0.0000     -0.1502     -0.0917
pos_PG                     -0.1320     0.0512    -2.5771     0.0100     -0.2324     -0.0315
pos_SG                     -0.0813     0.0480    -1.6919     0.0908     -0.1755      0.0129
pos_SF                     -0.0751     0.0441    -1.7050     0.0883     -0.1615      0.0113
pos_PF                     -0.0639     0.0361    -1.7684     0.0771     -0.1347      0.0070
born_canada                 0.0436     0.0624     0.6986     0.4849     -0.0788      0.1659
born_europe                 0.0391     0.0324     1.2059     0.2280     -0.0245      0.1026
born_latam                  0.0424     0.0739     0.5738     0.5662     -0.1026      0.1874
born_africa                -0.0612     0.0560    -1.0928     0.2746     -0.1709      0.0486
born_asia_oceania           0.1117     0.0739     1.5109     0.1309     -0.0333      0.2567
all_nba_lag1                0.0449     0.0477     0.9411     0.3467     -0.0486      0.1384
career_all_nba_count       -0.0366     0.0095    -3.8616     0.0001     -0.0551     -0.0180
career_allstar_count        0.0300     0.0163     1.8412     0.0657     -0.0020      0.0620
games_missed_lag1          -0.0045     0.0006    -6.9607     0.0000     -0.0057     -0.0032
team_win_pct_lag1         1.22e-06     0.1087  1.122e-05     1.0000     -0.2132      0.2132
team_made_playoffs_lag1    -0.0344     0.0285    -1.2044     0.2286     -0.0903      0.0216
team_over_luxury_tax_t     -0.0268     0.0281    -0.9543     0.3400     -0.0819      0.0283
no_income_tax               0.0053     0.0291     0.1804     0.8569     -0.0519      0.0624
top5_market                -0.0059     0.0269    -0.2183     0.8272     -0.0587      0.0469
tier_minimum               -0.9055     0.0308    -29.445     0.0000     -0.9658     -0.8452
tier_rookie_scale          -0.0876     0.0449    -1.9507     0.0512     -0.1756      0.0005
tier_high_mid               0.8487     0.0366     23.166     0.0000      0.7768      0.9205
tier_max_25                 1.1357     0.0396     28.663     0.0000      1.0580      1.2134
tier_max_30                 1.1525     0.0504     22.876     0.0000      1.0537      1.2513
tier_max_35                 1.2785     0.0638     20.049     0.0000      1.1535      1.4036
tier_supermax               1.1877     0.0830     14.308     0.0000      1.0249      1.3504
tier_overpay                1.3432     0.0652     20.604     0.0000      1.2153      1.4710
supermax_eligible_loose     0.0783     0.0603     1.2999     0.1938     -0.0398      0.1965
===========================================================================================

F-test for Poolability: 56.027
P-value: 0.0000
Distribution: F(7,2216)

Included effects: Time